16
16
0
0
0
5
0
0
0
0
0
0
5
15
5
0
0
0
0
5
12
5
12
5
0
0
5
10
5
0
5
15
5
0
5
12
5
0
5
15
5
0
0
5
15
5
10
5
0
0
0
0
5
10
5
0
0
0
0
0
0
5
0
0
0
0
0
0
0
5
0
0
0
0
0
0
5
15
5
0
0
0
0
5
12
5
12
5
0
0
5
10
5
0
5
15
5
0
5
12
5
0
5
15
5
0
0
5
15
5
10
5
0
0
0
0
5
10
5
0
0
0
0
0
0
5
0
0
0
0
0
0
0
5
0
0
0
0
0
0
5
15
5
0
0
0
0
5
12
5
12
5
0
0
5
10
5
0
5
15
5
0
5
12
5
0
5
15
5
0
0
5
15
5
10
5
0
0
0
0
5
10
5
0
0
0
0
0
0
5
0
0
0
0
0
0
0
5
0
0
0
0
0
0
5
15
5
0
0
0
0
5
12
5
12
5
0
0
5
10
5
0
5
15
5
0
5
12
5
0
5
15
5
0
0
5
15
5
10
5
0
0
0
0
5
10
5
0
0
0
0
0
0
5
0
0
0
0

